# units of RT, 1999 Paper, Miyazawa-Jernigan Proteins
AA: CYS	MET PHE	ILE LEU	VAL TRP	TYR ALA	GLY THR	SER GLN	ASN GLU	ASP HIS	ARG LYS PRO	
-1.19
-0.61 -0.70
-0.67 -0.83 -0.88
-0.64 -0.66 -0.73 -0.74
-0.65 -0.70 -0.80 -0.81 -0.84
-0.59 -0.51 -0.67 -0.67 -0.74 -0.65
-0.66 -0.73 -0.68 -0.60 -0.62 -0.51 -0.64
-0.39 -0.56 -0.58 -0.49 -0.55 -0.38 -0.49 -0.45
-0.33 -0.27 -0.36 -0.37 -0.38 -0.32 -0.27 -0.20 -0.12
-0.31 -0.17 -0.19 -0.13 -0.16 -0.15 -0.25 -0.22 -0.08 -0.29
-0.15 -0.11 -0.15 -0.15 -0.15 -0.07 -0.02 -0.09 0.04 -0.04 0.03
-0.13 0.05 -0.12 0.03 -0.02 0.04 -0.01 -0.08 0.10 -0.01 0.04 0.05
-0.07 -0.06 -0.11 -0.01 -0.04 0.08 -0.02 -0.14 0.22 0.13 0.12 0.22 0.20
-0.01 0.04 -0.01 0.14 0.04 0.12 -0.10 -0.11 0.15 -0.01 0.04 0.09 0.06 -0.06
0.20 0.12 0.14 0.17 0.17 0.26 -0.00 -0.08 0.38 0.32 0.16 0.18 0.27 0.12 0.46
0.12 0.30 0.18 0.22 0.27 0.36 0.07 -0.07 0.27 0.11 0.11 0.10 0.24 0.02 0.44 0.29
-0.36 -0.29 -0.34 -0.13 -0.18 -0.06 -0.37 -0.30 0.07 0.00 -0.03 0.04 0.15 0.00 0.00 -0.10 -0.40
0.08 0.03 -0.05 0.00 -0.04 0.08 -0.21 -0.25 0.24 0.09 0.11 0.16 0.09 0.10 -0.22 -0.24 0.05 0.19
0.33 0.29 0.19 0.24 0.22 0.29 0.09 -0.05 0.41 0.29 0.33 0.36 0.28 0.22 -0.06 -0.01 0.38 0.66 0.76
-0.18 -0.13 -0.19 -0.05 -0.12 -0.05 -0.37 -0.25 0.15 0.02 0.13 0.20 0.17 0.18 0.37 0.33 0.01 0.17 0.47 0.11
