       D_1        D_2        D_3        1|2        2|3      total
    0.5000     0.1143     1.0000     0.0000     1.0000     0.4286
    1.0000     0.0857     0.9211     0.0000     1.0000     0.3929
    1.0000     0.1286     1.0000     0.0000     1.0000     0.4464
    0.0000     0.3143     0.9211     0.0000     1.0000     0.5179
    0.5000     0.3000     0.9737     0.0000     1.0000     0.5357
    0.0000     0.2714     0.9211     0.0000     1.0000     0.4911
    0.0000     0.3714     0.9474     0.0000     1.0000     0.5625
    0.5000     0.2571     1.0000     0.0000     1.0000     0.5179
    0.5000     0.4571     1.0000     0.0000     1.0000     0.6429
    0.5000     0.2857     0.9737     0.0000     1.0000     0.5268
    0.5000     0.2000     0.9737     0.0000     1.0000     0.4732
    1.0000     0.1857     0.9737     0.0000     1.0000     0.4732
    1.0000     0.2429     0.9211     0.0000     1.0000     0.4911
    1.0000     0.2143     0.9211     0.0000     1.0000     0.4732
    0.5000     0.2286     0.8684     0.0000     1.0000     0.4554
    0.5000     0.2429     0.9474     0.0000     1.0000     0.4911
    0.0000     0.1000     0.9211     0.0000     1.0000     0.3839
    0.5000     0.1143     0.9474     1.0000     1.0000     0.4196
    0.0000     0.1286     1.0000     1.0000     1.0000     0.4375
    0.0000     0.2429     0.9737     1.0000     1.0000     0.5000
    0.0000     0.1714     1.0000     0.0000     1.0000     0.4554
    0.5000     0.2143     0.8947     0.0000     1.0000     0.4554
    0.0000     0.1714     1.0000     0.0000     1.0000     0.4554
    0.5000     0.1857     1.0000     0.0000     1.0000     0.4732
    0.5000     0.1714     0.9211     0.0000     1.0000     0.4375
    0.5000     0.1857     0.8947     0.0000     1.0000     0.4375
    0.5000     0.2143     0.8947     0.0000     1.0000     0.4554
    1.0000     0.1857     1.0000     0.0000     1.0000     0.4821
    0.0000     0.1714     1.0000     0.0000     1.0000     0.4554
    0.5000     0.1571     0.9474     0.0000     1.0000     0.4375
    0.0000     0.2143     0.8158     0.0000     1.0000     0.4196
    0.5000     0.1143     1.0000     0.0000     1.0000     0.4286
    0.5000     0.1571     0.8947     0.0000     1.0000     0.4196
    1.0000     0.1429     1.0000     0.0000     1.0000     0.4554
    0.0000     0.2286     1.0000     0.0000     1.0000     0.4911
    1.0000     0.1857     0.9474     0.0000     1.0000     0.4643
    1.0000     0.1857     1.0000     1.0000     1.0000     0.4911
    1.0000     0.2571     0.9474     1.0000     1.0000     0.5179
    1.0000     0.1714     0.9737     0.0000     1.0000     0.4643
    1.0000     0.2000     1.0000     0.0000     1.0000     0.4911
    0.0000     0.2000     0.9211     0.0000     1.0000     0.4464
    0.0000     0.1286     1.0000     0.0000     1.0000     0.4286
    0.5000     0.1286     1.0000     0.0000     1.0000     0.4375
    0.0000     0.1714     1.0000     0.0000     1.0000     0.4554
    0.5000     0.2714     0.9737     0.0000     1.0000     0.5179
    0.5000     0.2429     0.9737     0.0000     1.0000     0.5000
    0.0000     0.2143     0.9474     0.0000     1.0000     0.4643
    0.0000     0.1000     1.0000     0.0000     1.0000     0.4107
    0.0000     0.2286     0.9474     0.0000     1.0000     0.4732
    0.5000     0.1286     0.9737     0.0000     1.0000     0.4286
    1.0000     0.1857     0.9737     0.0000     1.0000     0.4732
    0.5000     0.1286     0.9211     0.0000     1.0000     0.4107
    0.5000     0.1714     1.0000     0.0000     1.0000     0.4643
    0.0000     0.2000     0.9737     0.0000     1.0000     0.4643
    0.5000     0.1857     0.9474     0.0000     1.0000     0.4554
    0.5000     0.2000     0.9737     0.0000     1.0000     0.4732
    0.5000     0.1000     1.0000     0.0000     1.0000     0.4196
    0.0000     0.1286     0.9737     0.0000     1.0000     0.4196
    0.5000     0.1143     0.9737     0.0000     1.0000     0.4196
    0.0000     0.1714     1.0000     0.0000     1.0000     0.4554
    0.0000     0.1857     1.0000     0.0000     1.0000     0.4643
    1.0000     0.1429     0.9737     0.0000     1.0000     0.4464
    1.0000     0.1143     0.9737     0.0000     1.0000     0.4286
    0.0000     0.2286     1.0000     1.0000     1.0000     0.5000
    0.5000     0.2429     1.0000     1.0000     1.0000     0.5179
    0.5000     0.3143     0.9211     0.0000     1.0000     0.5268
    0.5000     0.2000     1.0000     1.0000     1.0000     0.4911
    0.5000     0.3286     0.9474     1.0000     1.0000     0.5536
    0.5000     0.3857     0.9474     0.0000     1.0000     0.5804
    0.0000     0.2571     1.0000     1.0000     1.0000     0.5179
    0.5000     0.3286     0.9737     0.0000     1.0000     0.5536
    0.0000     0.2714     0.9737     0.0000     1.0000     0.5089
    0.0000     0.3429     0.9737     0.0000     1.0000     0.5536
    0.5000     0.2000     0.9737     0.0000     1.0000     0.4732
    1.0000     0.1000     0.9474     0.0000     1.0000     0.4107
    0.5000     0.1143     0.9474     0.0000     1.0000     0.4107
    0.5000     0.1571     0.9474     0.0000     1.0000     0.4375
    1.0000     0.1143     0.9737     1.0000     1.0000     0.4375
    0.5000     0.1000     0.9474     1.0000     1.0000     0.4107
    0.5000     0.1571     0.8158     1.0000     1.0000     0.4018
    0.5000     0.1286     0.9474     0.0000     1.0000     0.4196
    0.0000     0.2714     0.8684     0.0000     1.0000     0.4732
    1.0000     0.2000     0.9737     0.0000     1.0000     0.4821
    0.0000     0.1286     1.0000     0.0000     1.0000     0.4286
    0.0000     0.1000     0.9211     0.0000     1.0000     0.3839
    0.5000     0.1571     1.0000     0.0000     1.0000     0.4554
    0.0000     0.1571     0.9474     0.0000     1.0000     0.4286
    0.5000     0.1571     0.8158     0.0000     1.0000     0.3929
    0.5000     0.0714     0.9211     0.0000     1.0000     0.3750
    0.0000     0.1571     0.8947     0.0000     1.0000     0.4107
    1.0000     0.1000     0.9211     0.0000     1.0000     0.4018
    0.5000     0.1143     0.9737     0.0000     1.0000     0.4196
    1.0000     0.1571     0.9211     0.0000     1.0000     0.4375
    0.0000     0.2143     1.0000     0.0000     1.0000     0.4821
    0.5000     0.2429     0.9211     0.0000     1.0000     0.4821
    0.5000     0.2000     0.9474     0.0000     1.0000     0.4643
    0.5000     0.2714     1.0000     0.0000     1.0000     0.5268
    0.5000     0.2571     0.9737     0.0000     1.0000     0.5089
    1.0000     0.2143     0.9737     1.0000     1.0000     0.5000
    0.5000     0.2000     0.9474     1.0000     1.0000     0.4732
    0.0000     0.2143     1.0000     1.0000     1.0000     0.4911
    0.0000     0.2429     0.9737     0.0000     1.0000     0.4911
    0.0000     0.2143     0.9474     1.0000     1.0000     0.4732
    0.5000     0.1714     0.9737     1.0000     1.0000     0.4643
    0.5000     0.1000     0.9474     1.0000     1.0000     0.4107
    0.0000     0.2000     0.9211     1.0000     1.0000     0.4554
    0.5000     0.1143     0.9737     0.0000     1.0000     0.4196
    0.5000     0.1571     0.9737     1.0000     1.0000     0.4554
    1.0000     0.1857     0.9737     1.0000     1.0000     0.4821
    0.5000     0.1286     1.0000     1.0000     1.0000     0.4464
    1.0000     0.2143     0.9737     0.0000     1.0000     0.4911
    0.0000     0.1286     0.9211     1.0000     1.0000     0.4107
    1.0000     0.1429     0.9737     1.0000     1.0000     0.4554
    0.5000     0.1000     0.9737     1.0000     1.0000     0.4196
    0.5000     0.1286     0.9737     0.0000     1.0000     0.4286
    0.5000     0.1857     0.9474     0.0000     1.0000     0.4554
    0.0000     0.1714     1.0000     0.0000     1.0000     0.4554
    0.5000     0.2714     0.9737     0.0000     1.0000     0.5179
    1.0000     0.1429     1.0000     0.0000     1.0000     0.4554
    0.0000     0.1286     0.9474     0.0000     1.0000     0.4107
    0.5000     0.2000     0.9474     0.0000     1.0000     0.4643
    0.0000     0.1429     0.8421     0.0000     1.0000     0.3839
    0.0000     0.1286     0.9211     0.0000     1.0000     0.4018
    0.5000     0.2143     0.9474     0.0000     1.0000     0.4732
    0.5000     0.1143     0.9211     0.0000     1.0000     0.4018
    0.5000     0.1429     0.9211     0.0000     1.0000     0.4196
    0.0000     0.1143     0.9737     0.0000     1.0000     0.4107
    0.0000     0.2571     0.9474     0.0000     1.0000     0.4911
    0.0000     0.1714     0.9474     0.0000     1.0000     0.4375
    1.0000     0.1286     0.8684     0.0000     1.0000     0.4018
    1.0000     0.2714     0.9737     0.0000     1.0000     0.5268
    0.0000     0.3143     0.9474     0.0000     1.0000     0.5268
    0.5000     0.2000     1.0000     0.0000     1.0000     0.4821
    0.0000     0.2286     0.9737     0.0000     1.0000     0.4821
    0.5000     0.0429     0.8684     0.0000     1.0000     0.3393
    0.5000     0.2000     1.0000     0.0000     1.0000     0.4821
    0.5000     0.3286     0.9474     0.0000     1.0000     0.5446
    0.5000     0.3143     0.9737     0.0000     1.0000     0.5446
    0.5000     0.1571     1.0000     0.0000     1.0000     0.4554
    1.0000     0.2286     0.9474     0.0000     1.0000     0.4911
    0.5000     0.2286     0.9737     0.0000     1.0000     0.4911
    0.0000     0.1000     0.9211     0.0000     1.0000     0.3839
    0.0000     0.1000     0.9737     0.0000     1.0000     0.4018
    0.0000     0.1143     0.9211     0.0000     1.0000     0.3929
    0.0000     0.1143     0.9737     0.0000     1.0000     0.4107
    0.0000     0.1000     0.9474     0.0000     1.0000     0.3929
    0.5000     0.2286     0.9737     0.0000     1.0000     0.4911
    0.0000     0.2429     1.0000     0.0000     1.0000     0.5000
    0.5000     0.2000     1.0000     0.0000     1.0000     0.4821
    0.0000     0.2143     1.0000     0.0000     1.0000     0.4821
    0.0000     0.1714     0.9737     0.0000     1.0000     0.4464
    0.5000     0.2571     0.9737     0.0000     1.0000     0.5089
    0.0000     0.2143     1.0000     0.0000     1.0000     0.4821
    0.5000     0.1429     0.8947     0.0000     1.0000     0.4107
    0.5000     0.1714     1.0000     0.0000     1.0000     0.4643
    0.5000     0.1000     0.9737     0.0000     1.0000     0.4107
    0.5000     0.1429     1.0000     0.0000     1.0000     0.4464
    0.5000     0.1429     0.9737     0.0000     1.0000     0.4375
    0.5000     0.1571     1.0000     0.0000     1.0000     0.4554
    0.5000     0.1143     0.9474     0.0000     1.0000     0.4107
    0.5000     0.0714     0.9474     0.0000     1.0000     0.3839
    0.0000     0.1857     0.9737     0.0000     1.0000     0.4554
    0.5000     0.1857     0.9474     0.0000     1.0000     0.4554
    0.0000     0.2143     0.9211     0.0000     1.0000     0.4554
    0.5000     0.2286     0.9474     0.0000     1.0000     0.4821
    0.5000     0.3571     0.9737     0.0000     1.0000     0.5714
    0.5000     0.3857     0.9474     0.0000     1.0000     0.5804
    0.5000     0.4286     0.9737     0.0000     1.0000     0.6161
    0.5000     0.5286     0.9211     0.0000     1.0000     0.6607
    0.5000     0.6000     0.9737     0.0000     1.0000     0.7232
    0.0000     0.6714     0.9737     0.0000     1.0000     0.7589
    0.0000     0.6857     1.0000     0.0000     1.0000     0.7768
    0.5000     0.5143     0.9737     0.0000     1.0000     0.6696
    0.5000     0.6143     0.9474     0.0000     1.0000     0.7232
    0.0000     0.4143     0.9474     0.0000     1.0000     0.5893
    0.0000     0.4286     0.9737     0.0000     1.0000     0.6071
    0.5000     0.5571     0.9737     0.0000     1.0000     0.6964
    0.5000     0.6429     1.0000     0.0000     1.0000     0.7589
    1.0000     0.4714     1.0000     0.0000     1.0000     0.6607
    1.0000     0.2571     1.0000     0.0000     1.0000     0.5268
    0.0000     0.4000     0.9737     0.0000     1.0000     0.5893
    0.0000     0.3429     1.0000     0.0000     1.0000     0.5625
    0.5000     0.3571     0.9474     0.0000     1.0000     0.5625
    0.5000     0.3143     0.9737     0.0000     1.0000     0.5446
    0.5000     0.3000     0.9737     0.0000     1.0000     0.5357
    0.5000     0.3429     1.0000     0.0000     1.0000     0.5714
    0.0000     0.2714     1.0000     0.0000     1.0000     0.5179
    1.0000     0.3000     0.9737     0.0000     1.0000     0.5446
    0.5000     0.3857     0.9737     0.0000     1.0000     0.5893
    0.5000     0.5143     1.0000     0.0000     1.0000     0.6786
    0.5000     0.1714     0.9474     0.0000     1.0000     0.4464
    0.5000     0.4571     0.9474     0.0000     1.0000     0.6250
    0.5000     0.3429     1.0000     0.0000     1.0000     0.5714
    0.0000     0.2286     1.0000     0.0000     1.0000     0.4911
    0.5000     0.4143     0.9737     0.0000     1.0000     0.6071
    0.0000     0.4000     0.8947     0.0000     1.0000     0.5625
    0.0000     0.4143     0.9211     0.0000     1.0000     0.5804
    0.0000     0.4286     0.9211     0.0000     1.0000     0.5893
    0.5000     0.3429     0.8947     0.0000     1.0000     0.5357
    1.0000     0.4000     0.9474     0.0000     1.0000     0.5982
    0.5000     0.3857     0.9211     0.0000     1.0000     0.5714
    0.0000     0.4000     0.9474     0.0000     1.0000     0.5804
    0.5000     0.3000     0.9474     0.0000     1.0000     0.5268
    1.0000     0.3714     0.9474     0.0000     1.0000     0.5804
    0.0000     0.2714     0.8947     0.0000     1.0000     0.4821
    0.5000     0.2857     0.9474     0.0000     1.0000     0.5179
    0.5000     0.4714     0.9474     0.0000     1.0000     0.6339
    0.0000     0.4571     0.8947     0.0000     1.0000     0.5982
    0.0000     0.3857     0.9474     0.0000     1.0000     0.5714
    0.5000     0.4000     0.9211     0.0000     1.0000     0.5804
    0.5000     0.5714     0.9474     0.0000     1.0000     0.6964
    0.0000     0.4571     0.8684     0.0000     1.0000     0.5893
    0.5000     0.3857     0.9211     0.0000     1.0000     0.5714
    0.5000     0.2857     0.9474     0.0000     1.0000     0.5179
    0.5000     0.2714     0.9474     0.0000     1.0000     0.5089
    1.0000     0.3143     0.9474     0.0000     1.0000     0.5446
    1.0000     0.3143     0.9211     0.0000     1.0000     0.5357
    1.0000     0.5286     0.9474     0.0000     1.0000     0.6786
    0.5000     0.6714     0.9474     0.0000     1.0000     0.7589
    0.5000     0.5429     0.9737     0.0000     1.0000     0.6875
    1.0000     0.4571     0.8684     0.0000     1.0000     0.6071
    0.5000     0.4714     0.8158     0.0000     1.0000     0.5893
    0.5000     0.3857     0.7105     0.0000     1.0000     0.5000
    0.0000     0.4429     0.9737     0.0000     1.0000     0.6161
    1.0000     0.5000     1.0000     0.0000     1.0000     0.6786
    1.0000     0.5286     1.0000     0.0000     1.0000     0.6964
    0.5000     0.5714     0.9737     0.0000     1.0000     0.7054
    0.5000     0.5714     1.0000     0.0000     1.0000     0.7143
    0.5000     0.5714     1.0000     0.0000     1.0000     0.7143
    0.0000     0.5714     0.9211     0.0000     1.0000     0.6786
    1.0000     0.6143     0.9737     0.0000     1.0000     0.7411
    0.5000     0.6714     0.9474     0.0000     1.0000     0.7589
    0.0000     0.7571     0.9474     1.0000     1.0000     0.8125
    0.0000     0.5857     0.9474     1.0000     1.0000     0.7054
    0.5000     0.7286     1.0000     1.0000     1.0000     0.8214
    0.5000     0.5286     1.0000     0.0000     1.0000     0.6875
    0.5000     0.7000     0.9737     0.0000     1.0000     0.7857
    0.5000     0.6286     1.0000     0.0000     1.0000     0.7500
    1.0000     0.6571     0.9474     0.0000     1.0000     0.7589
    0.5000     0.5857     1.0000     0.0000     1.0000     0.7232
    0.5000     0.5143     1.0000     0.0000     1.0000     0.6786
    1.0000     0.4286     0.9474     0.0000     1.0000     0.6161
    0.5000     0.2857     0.9211     0.0000     1.0000     0.5089
    0.5000     0.3857     0.9737     1.0000     1.0000     0.5982
    0.5000     0.3714     1.0000     1.0000     1.0000     0.5982
    0.0000     0.3286     0.9737     0.0000     1.0000     0.5446
    1.0000     0.4000     0.9737     0.0000     1.0000     0.6071
    0.5000     0.2714     0.8684     0.0000     1.0000     0.4821
    0.5000     0.2571     0.8684     0.0000     1.0000     0.4732
    0.5000     0.1571     0.7895     0.0000     1.0000     0.3839
    0.5000     0.3714     0.9211     0.0000     1.0000     0.5625
    0.5000     0.3714     0.9211     0.0000     1.0000     0.5625
    0.5000     0.4143     0.8947     0.0000     1.0000     0.5804
    0.0000     0.3286     0.7368     0.0000     1.0000     0.4643
    0.0000     0.2000     0.8947     0.0000     1.0000     0.4375
    0.5000     0.2000     0.9474     0.0000     1.0000     0.4643
    1.0000     0.1857     0.9737     0.0000     1.0000     0.4732
    0.5000     0.0857     0.9211     0.0000     1.0000     0.3839
    1.0000     0.0857     0.9474     0.0000     1.0000     0.4018
    0.5000     0.0714     0.9737     0.0000     1.0000     0.3929
    0.5000     0.0857     0.9737     0.0000     1.0000     0.4018
    0.5000     0.2000     1.0000     0.0000     1.0000     0.4821
    0.5000     0.0857     0.9737     0.0000     1.0000     0.4018
    0.5000     0.0857     0.9737     0.0000     1.0000     0.4018
    0.5000     0.0857     0.9737     0.0000     1.0000     0.4018
    0.5000     0.0857     1.0000     0.0000     1.0000     0.4107
    1.0000     0.1286     0.9474     0.0000     1.0000     0.4286
    0.5000     0.1857     0.9737     0.0000     1.0000     0.4643
    1.0000     0.1571     0.8947     0.0000     1.0000     0.4286
    1.0000     0.1429     0.8684     0.0000     1.0000     0.4107
    1.0000     0.1286     0.9737     0.0000     1.0000     0.4375
    0.5000     0.1857     0.8947     0.0000     1.0000     0.4375
    1.0000     0.1143     0.8684     0.0000     1.0000     0.3929
    0.5000     0.0857     0.8684     0.0000     1.0000     0.3661
    0.5000     0.1000     0.8158     0.0000     1.0000     0.3571
    0.5000     0.0429     0.8947     0.0000     1.0000     0.3482
    0.0000     0.0286     0.9211     0.0000     1.0000     0.3393
    0.0000     0.0714     0.9211     0.0000     1.0000     0.3661
    0.0000     0.1143     0.9211     0.0000     1.0000     0.3929
    0.5000     0.1571     0.8947     1.0000     1.0000     0.4286
    0.0000     0.1286     0.9737     1.0000     1.0000     0.4286
    0.0000     0.1857     0.8947     0.0000     1.0000     0.4286
    0.5000     0.1000     0.9474     1.0000     1.0000     0.4107
    0.0000     0.1000     0.9211     0.0000     1.0000     0.3839
    0.0000     0.1714     0.9474     0.0000     1.0000     0.4375
    0.0000     0.2143     0.9474     0.0000     1.0000     0.4643
    0.5000     0.2143     0.8684     0.0000     1.0000     0.4464
    0.5000     0.1857     0.7105     0.0000     1.0000     0.3750
    0.5000     0.1571     0.8947     0.0000     1.0000     0.4196
    0.5000     0.1429     0.9474     0.0000     1.0000     0.4286
    0.5000     0.1571     0.9211     0.0000     1.0000     0.4286
    0.5000     0.1286     0.8947     0.0000     1.0000     0.4018
    0.0000     0.0571     0.9474     0.0000     1.0000     0.3661
    0.0000     0.0571     0.9474     0.0000     1.0000     0.3661
    0.5000     0.0857     0.9211     0.0000     1.0000     0.3839
    0.5000     0.0714     0.8684     0.0000     1.0000     0.3571
    0.0000     0.1000     0.9211     0.0000     1.0000     0.3839
    0.5000     0.1286     0.9211     0.0000     1.0000     0.4107
    0.5000     0.1429     0.8158     0.0000     1.0000     0.3839
    1.0000     0.0857     0.9211     0.0000     1.0000     0.3929
    0.0000     0.0714     0.9211     0.0000     1.0000     0.3661
    1.0000     0.1000     0.9737     0.0000     1.0000     0.4196
    0.5000     0.0571     0.8947     0.0000     1.0000     0.3571
    0.5000     0.1143     0.9211     0.0000     1.0000     0.4018
    0.5000     0.1571     0.9474     0.0000     1.0000     0.4375
    0.0000     0.1000     0.8158     0.0000     1.0000     0.3482
    0.0000     0.0857     0.9211     0.0000     1.0000     0.3750
    1.0000     0.1286     0.8947     0.0000     1.0000     0.4107
    0.5000     0.1714     0.9474     0.0000     1.0000     0.4464
    0.5000     0.1429     0.9737     0.0000     1.0000     0.4375
    0.0000     0.2143     0.9474     0.0000     1.0000     0.4643
    0.0000     0.1286     0.9737     0.0000     1.0000     0.4196
    0.0000     0.1857     0.9737     0.0000     1.0000     0.4554
    0.5000     0.1143     0.8684     0.0000     1.0000     0.3839
    0.0000     0.1286     0.9211     0.0000     1.0000     0.4018
    0.0000     0.1143     0.8947     0.0000     1.0000     0.3839
    0.0000     0.1429     0.9474     0.0000     1.0000     0.4196
    0.0000     0.1286     0.9737     0.0000     1.0000     0.4196
    0.5000     0.1571     1.0000     0.0000     1.0000     0.4554
    0.0000     0.2000     1.0000     0.0000     1.0000     0.4732
    0.5000     0.3286     1.0000     0.0000     1.0000     0.5625
    1.0000     0.1714     0.9474     0.0000     1.0000     0.4554
    0.5000     0.3571     0.9737     0.0000     1.0000     0.5714
    0.0000     0.3000     0.9474     0.0000     1.0000     0.5179
    0.0000     0.2429     0.9474     0.0000     1.0000     0.4821
    0.5000     0.2286     0.9737     0.0000     1.0000     0.4911
    0.5000     0.3286     0.9474     0.0000     1.0000     0.5446
    0.0000     0.2857     0.8684     0.0000     1.0000     0.4821
    0.0000     0.2571     0.9737     0.0000     1.0000     0.5000
    0.5000     0.2714     1.0000     0.0000     1.0000     0.5268
    0.0000     0.3714     0.9737     0.0000     1.0000     0.5714
    0.0000     0.2429     0.9737     0.0000     1.0000     0.4911
    0.5000     0.2857     1.0000     0.0000     1.0000     0.5357
    0.0000     0.2714     1.0000     0.0000     1.0000     0.5179
    0.5000     0.2571     0.9737     0.0000     1.0000     0.5089
    1.0000     0.5286     0.9474     0.0000     1.0000     0.6786
    0.5000     0.3571     0.8684     0.0000     1.0000     0.5357
    1.0000     0.2143     0.9211     0.0000     1.0000     0.4732
    1.0000     0.1857     1.0000     0.0000     1.0000     0.4821
    1.0000     0.2000     0.9737     0.0000     1.0000     0.4821
    1.0000     0.3000     0.9737     0.0000     1.0000     0.5446
    0.5000     0.2714     1.0000     0.0000     1.0000     0.5268
    0.5000     0.3571     1.0000     0.0000     1.0000     0.5804
    0.5000     0.4286     1.0000     0.0000     1.0000     0.6250
    1.0000     0.2429     1.0000     0.0000     1.0000     0.5179
    0.0000     0.3714     1.0000     0.0000     1.0000     0.5804
    0.0000     0.4286     0.9474     0.0000     1.0000     0.5982
    0.5000     0.4143     1.0000     0.0000     1.0000     0.6161
    0.0000     0.3714     1.0000     0.0000     1.0000     0.5804
    0.5000     0.4143     1.0000     0.0000     1.0000     0.6161
    0.5000     0.3571     1.0000     0.0000     1.0000     0.5804
    0.5000     0.4286     0.9474     0.0000     1.0000     0.6071
    0.0000     0.3429     0.9737     0.0000     1.0000     0.5536
    1.0000     0.2000     0.9737     0.0000     1.0000     0.4821
    0.5000     0.3000     0.9737     0.0000     1.0000     0.5357
    1.0000     0.3286     0.9474     0.0000     1.0000     0.5536
    1.0000     0.2429     1.0000     0.0000     1.0000     0.5179
    1.0000     0.2429     0.9737     0.0000     1.0000     0.5089
    0.5000     0.3857     1.0000     0.0000     1.0000     0.5982
    0.5000     0.3571     1.0000     0.0000     1.0000     0.5804
    0.0000     0.3857     0.8421     0.0000     1.0000     0.5357
    0.5000     0.3714     1.0000     0.0000     1.0000     0.5893
    0.5000     0.6143     1.0000     0.0000     1.0000     0.7411
    1.0000     0.6571     1.0000     0.0000     1.0000     0.7768
    0.5000     0.6429     0.9737     0.0000     1.0000     0.7500
    0.5000     0.6143     1.0000     0.0000     1.0000     0.7411
    0.5000     0.7143     0.9737     0.0000     1.0000     0.7946
    1.0000     0.7429     0.9737     0.0000     1.0000     0.8214
    1.0000     0.6286     0.9737     0.0000     1.0000     0.7500
    0.5000     0.7857     1.0000     0.0000     1.0000     0.8482
    0.5000     0.6857     0.9737     0.0000     1.0000     0.7768
    0.5000     0.6286     0.9737     0.0000     1.0000     0.7411
    0.5000     0.5857     0.9737     0.0000     1.0000     0.7143
    0.0000     0.6000     1.0000     0.0000     1.0000     0.7232
    0.0000     0.4714     0.8947     0.0000     1.0000     0.6071
    0.0000     0.5143     1.0000     0.0000     1.0000     0.6696
    0.0000     0.6714     0.9737     0.0000     1.0000     0.7589
    0.0000     0.6429     1.0000     0.0000     1.0000     0.7500
    1.0000     0.6429     1.0000     0.0000     1.0000     0.7679
    1.0000     0.6714     0.8947     0.0000     1.0000     0.7500
    0.5000     0.7000     0.9737     0.0000     1.0000     0.7857
    0.5000     0.7571     0.9474     0.0000     1.0000     0.8125
    1.0000     0.6714     1.0000     0.0000     1.0000     0.7857
    0.5000     0.6857     1.0000     0.0000     1.0000     0.7857
    0.5000     0.7429     0.9737     0.0000     1.0000     0.8125
    1.0000     0.5571     0.9737     0.0000     1.0000     0.7054
    0.5000     0.7714     0.9211     0.0000     1.0000     0.8125
    1.0000     0.7571     0.9211     0.0000     1.0000     0.8125
    0.5000     0.7714     0.9474     0.0000     1.0000     0.8214
    0.5000     0.8429     0.9211     0.0000     1.0000     0.8571
    0.5000     0.8000     1.0000     0.0000     1.0000     0.8571
    0.5000     0.8000     0.9737     0.0000     1.0000     0.8482
    0.5000     0.7000     0.9737     0.0000     0.0000     0.7768
    0.0000     0.7571     0.9737     0.0000     1.0000     0.8125
    1.0000     0.7714     0.9737     0.0000     1.0000     0.8393
    0.0000     0.7429     1.0000     0.0000     1.0000     0.8125
    0.0000     0.7429     0.9737     0.0000     1.0000     0.8036
    0.5000     0.8143     0.9737     0.0000     1.0000     0.8571
    0.0000     0.8000     0.9737     0.0000     1.0000     0.8393
    0.5000     0.9429     0.9737     0.0000     1.0000     0.9375
    0.5000     0.9571     1.0000     1.0000     1.0000     0.9643
    0.5000     0.9143     0.9737     0.0000     1.0000     0.9196
    1.0000     0.9429     1.0000     1.0000     1.0000     0.9643
    1.0000     0.9571     1.0000     0.0000     1.0000     0.9643
    1.0000     0.8857     1.0000     1.0000     1.0000     0.9286
    0.5000     0.9429     0.9211     0.0000     1.0000     0.9196
    0.5000     0.9571     0.9211     0.0000     1.0000     0.9286
    0.5000     0.9429     0.9737     1.0000     1.0000     0.9464
    0.5000     0.9143     0.9474     0.0000     1.0000     0.9107
    1.0000     0.9000     0.9737     1.0000     1.0000     0.9286
    1.0000     0.9286     0.9737     1.0000     1.0000     0.9464
    0.5000     0.9143     1.0000     1.0000     1.0000     0.9375
    0.5000     0.8429     0.9737     1.0000     1.0000     0.8839
    0.5000     0.9429     1.0000     0.0000     1.0000     0.9464
    0.5000     0.8857     1.0000     0.0000     1.0000     0.9107
    0.5000     0.9429     0.9474     0.0000     1.0000     0.9286
    0.5000     0.9857     0.9474     1.0000     1.0000     0.9643
    1.0000     0.8429     1.0000     0.0000     1.0000     0.8929
    1.0000     0.8714     1.0000     0.0000     1.0000     0.9107
    0.5000     0.9143     0.9211     0.0000     1.0000     0.9018
    0.5000     0.8714     1.0000     0.0000     1.0000     0.9018
    1.0000     0.9143     1.0000     1.0000     1.0000     0.9464
    0.5000     0.9143     0.9737     0.0000     1.0000     0.9196
    0.0000     0.8857     0.9737     0.0000     1.0000     0.8929
    0.5000     0.9000     1.0000     1.0000     1.0000     0.9286
    0.5000     0.9286     1.0000     1.0000     1.0000     0.9464
    1.0000     0.8857     1.0000     1.0000     1.0000     0.9286
    1.0000     0.8143     1.0000     1.0000     1.0000     0.8839
    1.0000     0.9429     1.0000     1.0000     1.0000     0.9643
    0.5000     0.9714     0.9737     0.0000     1.0000     0.9554
    1.0000     0.9429     0.9737     1.0000     1.0000     0.9554
    0.0000     0.9571     1.0000     1.0000     1.0000     0.9554
    0.5000     0.9286     1.0000     1.0000     1.0000     0.9464
    0.5000     0.9857     1.0000     1.0000     1.0000     0.9821
    0.5000     0.9429     1.0000     1.0000     1.0000     0.9554
    0.0000     0.9571     0.9737     0.0000     1.0000     0.9375
    1.0000     0.9000     0.9211     1.0000     1.0000     0.9107
    0.5000     0.9286     0.9474     1.0000     1.0000     0.9286
    0.5000     0.9143     1.0000     1.0000     1.0000     0.9375
    0.5000     0.9000     0.9737     1.0000     1.0000     0.9196
    1.0000     0.9286     1.0000     1.0000     1.0000     0.9554
    0.5000     0.9857     0.9737     1.0000     1.0000     0.9732
    0.5000     0.9429     0.9211     1.0000     1.0000     0.9286
    0.5000     0.9286     1.0000     1.0000     1.0000     0.9464
    0.5000     0.9286     1.0000     1.0000     1.0000     0.9464
    1.0000     0.9429     1.0000     1.0000     1.0000     0.9643
    0.0000     0.8857     1.0000     1.0000     1.0000     0.9107
    0.5000     0.9286     0.9737     1.0000     1.0000     0.9375
    1.0000     0.8571     1.0000     1.0000     1.0000     0.9107
    1.0000     0.9857     0.9474     0.0000     1.0000     0.9643
    1.0000     0.9429     0.9737     1.0000     1.0000     0.9554
    1.0000     0.9714     1.0000     0.0000     1.0000     0.9732
    1.0000     0.9000     0.9474     1.0000     1.0000     0.9196
    1.0000     0.9000     0.9474     1.0000     1.0000     0.9196
    0.5000     0.9429     0.9737     0.0000     1.0000     0.9375
    1.0000     0.9714     1.0000     1.0000     1.0000     0.9821
    0.5000     0.9429     0.9737     0.0000     1.0000     0.9375
    1.0000     0.9000     0.9737     1.0000     1.0000     0.9286
    1.0000     0.8857     0.9737     1.0000     1.0000     0.9196
    1.0000     0.9000     0.9737     1.0000     1.0000     0.9286
    0.5000     0.8857     0.9211     1.0000     1.0000     0.8929
    0.5000     0.9714     0.9737     1.0000     1.0000     0.9643
    0.5000     0.9143     0.9474     0.0000     1.0000     0.9107
    0.0000     0.9143     0.9737     1.0000     1.0000     0.9196
    0.5000     0.9429     1.0000     1.0000     1.0000     0.9554
    1.0000     0.9286     1.0000     0.0000     1.0000     0.9464
    0.0000     0.9286     0.9737     1.0000     1.0000     0.9286
    1.0000     0.9286     1.0000     1.0000     1.0000     0.9554
    0.5000     0.9714     1.0000     1.0000     1.0000     0.9732
    0.5000     0.9571     0.9737     1.0000     1.0000     0.9554
    0.5000     0.9571     1.0000     1.0000     1.0000     0.9643
    0.5000     0.9571     1.0000     0.0000     1.0000     0.9554
    0.5000     0.9000     0.9737     1.0000     1.0000     0.9196
    0.5000     0.9429     1.0000     1.0000     1.0000     0.9554
    0.0000     0.9429     0.9737     1.0000     1.0000     0.9375
    0.5000     0.9714     0.9737     1.0000     1.0000     0.9643
    0.5000     0.9857     0.9474     1.0000     1.0000     0.9643
    0.5000     0.9429     0.9737     1.0000     1.0000     0.9464
    0.0000     0.9143     1.0000     1.0000     1.0000     0.9286
    0.0000     0.9286     0.9211     0.0000     1.0000     0.9018
    0.5000     0.9143     1.0000     1.0000     1.0000     0.9375
    0.5000     0.9429     0.9737     1.0000     1.0000     0.9464
    0.0000     0.9714     1.0000     1.0000     1.0000     0.9643
    0.5000     0.9286     1.0000     1.0000     1.0000     0.9464
    0.5000     0.9286     1.0000     1.0000     1.0000     0.9464
    1.0000     0.9143     0.9737     1.0000     1.0000     0.9375
    1.0000     0.9857     0.9474     1.0000     1.0000     0.9732
    1.0000     0.8714     0.9737     1.0000     1.0000     0.9107
    1.0000     0.9571     1.0000     0.0000     1.0000     0.9643
    0.5000     0.9714     0.9474     0.0000     1.0000     0.9464
    0.5000     0.9571     0.9211     1.0000     1.0000     0.9375
    0.5000     0.9429     0.9737     1.0000     1.0000     0.9464
    1.0000     0.9571     0.9737     0.0000     1.0000     0.9554
    0.0000     0.9714     1.0000     1.0000     1.0000     0.9643
    0.0000     0.9286     0.9737     1.0000     1.0000     0.9286
    0.5000     0.9286     0.9737     1.0000     1.0000     0.9375
    0.5000     0.9000     1.0000     1.0000     1.0000     0.9286
    0.0000     0.9143     0.9211     0.0000     1.0000     0.8929
    0.5000     0.8857     1.0000     0.0000     1.0000     0.9107
    0.0000     0.9286     1.0000     0.0000     1.0000     0.9286
    1.0000     0.9429     1.0000     1.0000     1.0000     0.9643
    0.5000     0.9000     0.9737     0.0000     1.0000     0.9107
    0.5000     0.8143     1.0000     0.0000     1.0000     0.8661
    1.0000     0.9429     0.9737     0.0000     1.0000     0.9464
    0.0000     0.9000     0.8947     0.0000     1.0000     0.8750
    0.5000     0.9429     0.9737     0.0000     1.0000     0.9375
    0.0000     0.9571     1.0000     0.0000     1.0000     0.9464
    0.5000     0.9571     0.9474     0.0000     1.0000     0.9375
    1.0000     0.8429     0.9474     0.0000     1.0000     0.8750
    0.5000     0.9286     0.9737     0.0000     1.0000     0.9286
    0.5000     0.9571     0.9737     0.0000     1.0000     0.9464
    1.0000     0.9714     0.9211     0.0000     1.0000     0.9464
    1.0000     0.9286     0.9474     0.0000     1.0000     0.9286
    0.5000     0.8857     1.0000     1.0000     1.0000     0.9196
    0.5000     0.9143     1.0000     1.0000     1.0000     0.9375
    0.5000     0.8571     0.9474     1.0000     1.0000     0.8839
    0.5000     0.9286     1.0000     1.0000     1.0000     0.9464
    0.5000     1.0000     1.0000     1.0000     1.0000     0.9911
    1.0000     0.9286     0.9211     1.0000     1.0000     0.9286
    1.0000     0.9857     0.9737     1.0000     1.0000     0.9821
    1.0000     1.0000     1.0000     1.0000     1.0000     1.0000
    1.0000     0.9286     1.0000     1.0000     1.0000     0.9554
    0.5000     0.9571     1.0000     1.0000     1.0000     0.9643
    1.0000     1.0000     0.9474     0.0000     1.0000     0.9732
    1.0000     0.9714     0.9211     1.0000     1.0000     0.9554
    0.5000     0.9714     0.8947     0.0000     1.0000     0.9286
    0.5000     0.9714     0.9474     1.0000     1.0000     0.9554
    1.0000     0.9714     0.9474     1.0000     1.0000     0.9643
    1.0000     0.9857     1.0000     0.0000     1.0000     0.9821
    0.5000     0.9857     0.9474     1.0000     1.0000     0.9643
    0.5000     0.9429     1.0000     1.0000     1.0000     0.9554
    0.0000     0.9429     0.9474     1.0000     1.0000     0.9286
    1.0000     1.0000     0.9737     1.0000     1.0000     0.9911
    0.0000     1.0000     1.0000     0.0000     1.0000     0.9732
    0.0000     0.9143     0.9737     1.0000     1.0000     0.9196
    0.5000     0.9857     0.9737     1.0000     1.0000     0.9732
    0.5000     0.9714     0.9737     1.0000     1.0000     0.9643
    0.5000     0.9714     0.9737     0.0000     1.0000     0.9554
    0.5000     0.9286     1.0000     1.0000     1.0000     0.9464
    0.5000     0.9714     1.0000     1.0000     1.0000     0.9732
    0.5000     1.0000     1.0000     1.0000     1.0000     0.9911
    0.5000     1.0000     1.0000     1.0000     1.0000     0.9911
    0.0000     0.9857     0.9737     1.0000     1.0000     0.9643
    0.5000     0.9714     0.9211     1.0000     1.0000     0.9464
    0.5000     0.9857     0.9737     1.0000     1.0000     0.9732
    0.5000     0.9429     0.8947     1.0000     1.0000     0.9196
    0.5000     0.9571     0.9737     1.0000     1.0000     0.9554
    1.0000     1.0000     0.9737     1.0000     1.0000     0.9911
    1.0000     1.0000     0.9474     1.0000     1.0000     0.9821
    1.0000     1.0000     0.9737     1.0000     1.0000     0.9911
    0.5000     0.9571     1.0000     0.0000     1.0000     0.9554
    0.0000     0.9571     0.9737     1.0000     1.0000     0.9464
    0.5000     1.0000     1.0000     1.0000     1.0000     0.9911
    1.0000     0.9857     1.0000     1.0000     1.0000     0.9911
    1.0000     0.9857     1.0000     1.0000     1.0000     0.9911
    0.5000     1.0000     1.0000     0.0000     1.0000     0.9821
    0.5000     0.9714     1.0000     1.0000     1.0000     0.9732
    0.5000     0.9857     1.0000     1.0000     1.0000     0.9821
    0.5000     0.9857     0.9737     1.0000     1.0000     0.9732
    1.0000     0.9571     0.9211     1.0000     1.0000     0.9464
    0.5000     0.9857     1.0000     1.0000     1.0000     0.9821
    1.0000     1.0000     1.0000     1.0000     1.0000     1.0000
    1.0000     0.9714     0.9737     1.0000     1.0000     0.9732
    1.0000     0.9143     0.9474     1.0000     1.0000     0.9286
    1.0000     0.9571     1.0000     1.0000     1.0000     0.9732
    0.5000     0.9857     1.0000     1.0000     1.0000     0.9821
    1.0000     1.0000     1.0000     1.0000     1.0000     1.0000
    1.0000     0.9429     0.9474     1.0000     1.0000     0.9464
    0.5000     0.9571     0.8947     1.0000     1.0000     0.9286
    0.5000     0.9857     0.9737     1.0000     1.0000     0.9732
    1.0000     0.9714     1.0000     1.0000     1.0000     0.9821
    1.0000     0.9857     1.0000     1.0000     1.0000     0.9911
    1.0000     1.0000     0.9474     0.0000     1.0000     0.9732
    1.0000     0.9571     1.0000     1.0000     1.0000     0.9732
    0.5000     0.9857     1.0000     1.0000     1.0000     0.9821
    1.0000     0.9857     1.0000     1.0000     1.0000     0.9911
    1.0000     0.9571     1.0000     1.0000     1.0000     0.9732
    0.5000     0.9857     1.0000     0.0000     1.0000     0.9732
    0.5000     1.0000     0.9474     1.0000     1.0000     0.9732
    1.0000     0.9857     1.0000     1.0000     1.0000     0.9911
    0.5000     0.9286     0.9737     1.0000     1.0000     0.9375
    1.0000     0.9714     1.0000     1.0000     1.0000     0.9821
    0.5000     0.9000     1.0000     0.0000     1.0000     0.9196
    0.5000     0.9571     0.9737     1.0000     1.0000     0.9554
    0.0000     0.9714     0.9474     1.0000     1.0000     0.9464
    0.0000     0.9714     0.8947     1.0000     1.0000     0.9286
    1.0000     0.8571     1.0000     1.0000     1.0000     0.9107
    0.5000     1.0000     0.9737     1.0000     1.0000     0.9821
    0.0000     0.9571     1.0000     1.0000     1.0000     0.9554
    0.5000     0.9857     1.0000     1.0000     1.0000     0.9821
    0.0000     0.9571     1.0000     1.0000     1.0000     0.9554
    0.0000     0.9571     1.0000     0.0000     1.0000     0.9464
    0.5000     1.0000     0.9211     0.0000     1.0000     0.9554
    0.5000     0.9714     0.9737     0.0000     1.0000     0.9554
    0.0000     0.9857     0.9211     1.0000     1.0000     0.9464
    0.5000     0.9429     0.9474     1.0000     1.0000     0.9375
    0.5000     0.8571     0.9737     0.0000     1.0000     0.8839
    0.5000     0.9714     0.9737     0.0000     1.0000     0.9554
    1.0000     0.9714     0.9737     0.0000     1.0000     0.9643
    0.5000     0.9714     0.9474     1.0000     1.0000     0.9554
    0.5000     0.9714     1.0000     1.0000     1.0000     0.9732
    0.5000     0.9857     0.9737     1.0000     1.0000     0.9732
    0.0000     1.0000     0.9737     1.0000     1.0000     0.9732
    1.0000     1.0000     0.9474     1.0000     1.0000     0.9821
    0.5000     1.0000     0.9474     1.0000     1.0000     0.9732
    0.5000     1.0000     1.0000     1.0000     1.0000     0.9911
    0.5000     0.9571     1.0000     0.0000     1.0000     0.9554
    0.5000     0.9857     0.9737     0.0000     1.0000     0.9643
    0.5000     0.9714     0.8947     0.0000     1.0000     0.9286
    0.5000     0.9714     0.8684     0.0000     1.0000     0.9196
    0.5000     1.0000     0.8684     0.0000     1.0000     0.9375
    0.5000     0.9714     0.9737     1.0000     1.0000     0.9643
    0.5000     1.0000     0.9737     0.0000     1.0000     0.9732
    0.5000     0.9714     0.9737     0.0000     1.0000     0.9554
    1.0000     0.8571     0.9737     0.0000     1.0000     0.8929
    1.0000     1.0000     1.0000     0.0000     1.0000     0.9911
    1.0000     0.9857     1.0000     1.0000     1.0000     0.9911
    0.0000     0.9143     0.9737     1.0000     1.0000     0.9196
    1.0000     0.9857     0.9211     0.0000     1.0000     0.9554
    0.5000     1.0000     0.9737     1.0000     1.0000     0.9821
    1.0000     0.9857     0.8684     1.0000     1.0000     0.9464
    0.5000     0.9429     1.0000     0.0000     1.0000     0.9464
    1.0000     0.9571     0.9474     0.0000     1.0000     0.9464
    1.0000     0.9714     1.0000     0.0000     1.0000     0.9732
    1.0000     1.0000     0.9474     0.0000     1.0000     0.9732
    0.5000     0.9714     1.0000     0.0000     1.0000     0.9643
    1.0000     0.9714     0.9737     0.0000     1.0000     0.9643
    1.0000     0.9714     0.9474     0.0000     1.0000     0.9554
    1.0000     0.9571     1.0000     0.0000     1.0000     0.9643
    1.0000     0.9571     0.8947     0.0000     1.0000     0.9286
    1.0000     0.9571     0.9737     0.0000     1.0000     0.9554
    1.0000     0.9857     1.0000     0.0000     1.0000     0.9821
    1.0000     0.9714     1.0000     0.0000     1.0000     0.9732
    1.0000     1.0000     0.9737     0.0000     1.0000     0.9821
    1.0000     1.0000     0.9737     0.0000     1.0000     0.9821
    1.0000     1.0000     1.0000     1.0000     1.0000     1.0000
